Senha = senha
Admin = 0
Skin = 147
Dinheiro = 9999
Score = 123
PosX = 1933.88818359
PosY = -1449.52990722
PosZ = 13.45884990
PosA = 0.00000000
Interior = 0
VW = 0
