Senha = pedro eduardo
Admin = 1
Skin = 2
Dinheiro = 99
Score = 745
PosX = 1997.47155761
PosY = 2003.59167480
PosZ = 10.65803623
Interior = 0
